4.9593096
3.4463487
3.3077254
3.2941961
2.9851623
4.9997277
4.3245807
1.865539
2.9492016
3.081935
3.081935
3.663697
1.6197217
3.278209
2.18707
2.635085
4.0708313
3.351855
2.699184
0.7388421
4.9974656
3.6204884
4.034551
3.5494854
2.0893204
3.301805
0.6171811
2.1956017
2.6001644
3.3491173
4.9997373
3.132451
4.999939
4.9999895
4.8257103
0.42716044
1.1696289
4.8592763
3.5323312
4.964345
3.3768077
2.786143
3.2412753
2.793883
0.7338372
2.515634
1.0562401
2.802503
3.4621897
3.357812
2.9368882
1.7098385
2.4877176
1.0453134
3.0978737
2.8757539
2.5176067
4.6994085
3.8174748
3.076651
5.0
1.0367017
1.0825379
4.8441687
3.6583183
2.727121
4.8324847
4.989886
0.90183115
4.459344
1.8816934
3.5340433
2.6624372
3.369633
2.579528
3.3353858
2.5802503
0.15070388
5.0
4.972081
0.25194448
3.6282134
3.00395
4.8922644
3.050654
2.770897
3.4708347
3.2337885
3.3751173
1.8735609
3.4441316
3.3713431
2.7893205
2.5412707
1.423496
4.855025
4.9149995
3.304875
4.0862074
4.983787
0.4565854
2.9355235
2.3772314
4.692779
3.0031614
3.0572267
2.2847452
2.9715726
3.1345072
2.661773
4.1833396
2.6253052
3.5221875
2.3380356
2.355201
2.9777133
4.9006476
3.9031646
3.190923
1.8775594
2.2404609
2.195892
0.79952085
3.461604
4.650067
3.5323312
3.0026853
2.07638
3.8512065
3.0253444
3.062577
2.865162
3.390527
1.411788
4.589068
3.9893987
4.99999
2.186415
1.9904604
3.370934
3.5611403
4.9999976
2.9338422
4.994449
3.2252648
2.940103
3.1615446
3.5964117
2.8425436
1.309468
2.5912287
1.7384336
3.3274617
3.5215635
3.1693606
4.971529
2.1924045
3.9596362
3.433936
2.9503617
3.6062477
4.7090826
3.4392283
3.743584
4.785183
3.1211684
3.7595558
4.9728827
4.7690997
3.6458967
1.80777
2.3823419
2.9942484
2.4992404
3.3184216
2.9438972
4.4127045
3.6296942
0.8177444
0.43696743
0.43696743
3.9228818
3.1186895
2.2703466
4.998212
0.11605452
3.1517828
2.400528
3.0529597
2.6633682
3.066394
1.3090768
1.906621
2.9174473
3.263689
4.8032317
3.4117036
2.246816
0.64081633
3.1050012
4.881082
1.6308295
2.0400186
0.9028894
1.3576108
1.7900474
1.9075371
1.2628398
2.3965015
4.9999814
2.8741279
0.9148764
2.2985146
3.4973755
2.155036
1.5444064
3.3786817
3.6864817
4.999686
3.814428
2.773364
3.1590223
3.2855031
4.9999933
1.9042764
0.2570768
1.2756944
3.289522
1.8296323
1.7067796
1.8182783
4.839068
3.5815907
4.999962
2.3524818
2.017319
3.0176208
1.4288585
0.6644961
3.211779
1.9551624
3.026973
4.758157
2.5131738
4.4214716
2.7392673
2.9361215
3.8636854
3.2020118
2.516135
3.2457194
3.8150811
4.514883
4.20672
2.99338
1.5666733
0.33895162
5.0
1.8575846
2.877591
3.6545112
4.010532
2.9410493
3.4302256
2.8225737
2.3120604
2.8679752
3.374859
2.2708435
3.0869129
3.6223931
1.8499062
4.997832
4.8004084
2.939704
3.1851559
2.3035734
0.6574526
3.780654
3.072269
4.6817417
4.98217
1.5037118
3.1939912
1.046419
4.981807
2.4000118
4.3942337
2.2214432
2.756286
3.3006392
2.5058005
2.1302402
4.4378076
2.279051
3.030867
3.1429377
2.8451073
3.7970293
3.0711339
3.4634104
3.3558214
3.1079924
4.6792355
2.5477085
3.2749133
3.407458
3.1811523
1.6953808
4.0100517
3.1420696
3.4576626
2.740412
2.7913766
2.7173636
4.856043
2.97567
4.693219
2.484663
3.0638952
4.6656094
1.2346829
2.153978
2.3283975
3.280915
2.6290708
3.242028
3.800408
3.2659912
3.936418
4.570221
2.446013
3.339675
3.9898264
3.2648325
2.3375695
3.4332466
2.8614588
1.757239
3.1385918
3.1378207
3.827679
3.3120086
2.9992094
1.9868821
1.3430502
2.552757
3.257569
3.9215698
3.232887
3.3804626
3.7993515
3.2860758
2.895522
3.0361495
2.8940842
2.707949
3.2631392
3.664956
3.6236959
3.9439151
3.0703404
2.9827402
4.3259583
3.284287
2.7517977
4.5999527
2.9558573
3.0074134
3.4822168
2.3348682
4.0192366
2.8829467
3.03242
3.410367
3.3325887
2.2461612
1.5434713
2.6784163
2.442474
3.0383806
4.8087707
3.0820527
3.3301387
4.969323
1.729617
3.2280192
2.4756827
2.9735086
2.7269628
3.7434852
1.8822589
4.968433
3.8766036
1.9342356
0.11539858
3.1832144
2.660527
4.0882354
2.2565317
2.7225895
0.16502483
2.724984
3.071393
2.9057262
4.9013953
1.5052117
3.1849074
3.243472
2.582975
4.570307
2.7286553
3.2717106
4.165104
2.2915206
2.933782
2.044641
2.7769234
4.9850335
3.387188
4.999952
3.176708
3.1420736
1.2258103
1.7513181
2.2964897
2.423794
4.4679008
4.8451896
4.99767
3.1856325
2.993007
3.212997
3.2288864
2.1903982
4.1292133
3.8717868
3.3484218
4.4289527
3.9506836
2.6798906
4.7684293
2.5096333
4.912013
4.971206
2.6945858
4.9861593
2.119512
2.3602145
1.5448421
3.335106
4.4193845
4.619455
2.8153176
4.8489127
2.8473253
1.7540786
4.1771154
3.660994
1.6299038
0.2654055
2.6000624
2.2093256
2.4534068
3.2185483
2.115208
4.7848
4.921988
3.6987958
4.5600123
2.603046
2.8561087
2.3389773
2.152828
2.856661
0.72988355
2.5480075
1.827729
2.419257
0.70594645
4.9067173
3.000111
4.9975305
1.9195534
4.5771217
0.38741034
3.666101
3.3286378
0.42669135
3.2093952
3.7878375
2.897616
3.4953926
2.6116815
3.721279
2.5576153
2.8289938
2.204319
4.7965684
4.7097483
2.956462
2.7728965
2.9528925
3.656919
1.9418269
2.8376257
3.3161926
2.7848837
3.6499465
2.0873048
2.9645905
2.1501846
3.2193768
2.240327
3.3616636
1.5228353
4.9999723
2.4745245
2.853534
3.285728
3.070366
3.1936991
4.0286546
2.509872
2.6394393
2.6353993
3.0541377
2.8205826
3.0799809
2.999306
0.82918674
2.472523
3.9792428
2.6487863
2.3754063
2.7857864
2.9010131
2.6359148
2.7549796
4.9999113
3.47177
2.5541754
2.677618
4.4249225
4.715442
4.973156
3.3531477
3.5334299
3.3142757
3.5594501
3.0473397
1.8840578
3.101665
3.4524174
3.4150388
2.9383283
2.702092
2.8254464
3.3620617
3.0432894
3.334301
2.2678802
2.996892
2.9429772
3.2757726
3.3026414
3.4049509
1.155621
1.9454371
3.4805164
3.45345
2.6590014
1.0660264
2.3615088
4.743578
4.9948983
2.8704896
3.454158
3.2041593
3.331034
2.8540013
3.2236218
4.207234
2.8884077
2.7127469
3.053608
3.1406941
2.6562846
2.9804037
3.0951917
4.7743597
3.2703636
3.9244666
4.2848964
3.125947
4.9990005
3.0405781
2.4450674
4.1161017
4.8215356
2.9591951
2.3877523
4.153691
3.2644951
2.8691766
2.4893668
3.3254628
2.3794646
3.6943767
4.323057
3.5500696
3.0324533
2.9109595
3.4138474
2.7981439
2.8732536
2.8686943
3.2460806
2.7709315
2.5981293
3.759732
3.181586
1.5283568
4.9963946
3.1406162
4.1085215
3.0582185
3.4083467
3.602142
3.329848
1.9029498
3.2838974
2.8749247
4.012198
2.848177
2.8106997
3.111205
3.1127117
2.9972794
3.2156088
2.2121863
2.8417957
3.2980223
3.2594535
2.3890016
3.2336547
3.3147345
2.904644
3.3025756
2.920515
2.953769
3.1587858
3.2535841
2.6933813
3.3576858
3.0520706
3.3136556
3.3755856
2.969135
3.3328314
2.4362626
2.570171
2.512808
3.9624593
3.2200863
1.665178
3.5244062
3.3963516
3.3449636
3.133942
3.1871214
3.293323
2.9781775
3.176495
3.325689
2.9120395
2.7875125
4.9845033
1.9533974
3.3895514
0.8025238
2.8943539
4.271671
3.048778
2.9882283
2.973075
3.3562212
3.3711958
3.0746472
3.6811864
3.3626666
3.1288285
3.6241455
2.8701687
3.560422
2.64312
3.0968823
3.0326805
2.6016486
3.0475495
3.2884092
3.2072115
3.0102482
3.8555644
3.4190524
3.3268726
3.2239313
4.058229
3.5452857
3.0253549
3.0519092
3.169931
2.335425
2.2479632
1.8625516
3.413752
2.5974905
3.197528
3.12601
3.4952471
2.7165852
2.5474682
1.7991279
3.202807
2.4829211
2.7284346
2.792624
3.7204087
1.5967447
3.0460868
3.3404377
3.258681
3.6916134
3.31732
4.2840037
2.8455548
4.228694
3.113638
3.1279385
3.2215734
3.0914488
3.231622
3.0493717
3.388057
3.5635571
2.7162127
3.267264
2.0630896
2.997329
3.2060795
2.7027667
2.580082
3.8012252
3.2309606
3.0601506
3.0473218
2.7781487
3.131513
3.4274676
3.4138808
2.8121994
3.2251403
3.604821
4.841423
2.0302591
3.0413966
3.2010846
3.3628104
2.9902518
3.1214142
2.8026798
3.173316
2.7567337
2.5032778
2.7637906
3.1010995
2.680937
2.9580307
3.653985
2.8852587
2.9296603
0.5117954
3.2043717
3.537463
3.2391813
3.0356765
2.8879964
3.3907337
3.3912625
3.492422
3.697584
2.5407932
2.6393547
2.7477834
2.9609876
4.054737
3.415627
3.1623962
2.7134137
2.946675
2.0471778
3.5043063
2.9603329
2.7289603
3.2591748
3.091478
2.7998173
2.308177
3.3704324
3.3435068
4.558702
2.7105854
3.0550697
3.3022962
3.2354438
3.0247622
3.0562851
3.2326043
3.0855718
2.1750014
3.253138
3.8146017
3.1290402
3.2700558
2.8717515
3.5705967
3.500179
3.0417607
3.2976398
2.9681115
4.9582443
3.114262
4.2297497
3.5357099
3.3487868
2.4717464
3.3315659
3.5087047
4.126795
3.2072005
3.2996721
3.3863454
3.287976
2.623782
2.8529935
2.721817
3.05342
3.0396888
3.5832489
2.9602597
4.3328185
2.9661367
3.3959627
3.3591177
3.3570347
2.071426
3.0583022
2.9802876
3.2866452
3.1071
3.3388348
3.2206872
2.927234
2.845571
3.1719015
2.825097
4.8102474
2.2767022
3.3117132
3.3326898
3.502087
3.3725152
3.0648932
3.2023122
3.2275364
3.316921
3.2219796
2.9074068
3.0393896
2.3644214
3.1459484
3.4162302
3.1034005
4.950988
3.3911948
4.5024734
3.4346378
2.844741
2.7758467
3.3196907
3.2944837
3.7890959
2.518984
3.3268309
3.2483099
3.0896516
4.3770714
1.5247173
3.0056393
4.24593
4.368645
4.4257503
2.435319
3.262835
3.409139
3.7074819
2.8060403
3.1572201
3.727534
3.1070008
2.5150127
2.431046
3.1057768
3.2740734
4.8431687
2.812421
4.9939413
3.3513877
2.6859972
3.2990026
2.4851058
3.2268414
2.8523757
2.2983592
3.9474568
2.6687374
3.9953196
3.138728
3.3458498
3.5621963
4.010503
4.9538817
3.4069443
2.5861344
4.626053
2.9955437
3.1574535
4.0852165
1.181842
2.225708
3.5517728
3.4785757
4.0682607
2.1159976
3.1117473
4.7793384
3.592671
3.123802
3.0239673
2.6097136
3.896789
3.0171576
3.5590765
1.7145917
2.99216
3.2875369
3.6284888
2.7283144
4.2807155
3.3051038
3.87061
4.991211
3.9970045
2.747919
3.1385324
3.5898113
3.1204462
2.5883603
2.7786708
3.9067843
3.9387822
3.082799
4.012173
3.490429
2.7158573
0.02809954
1.9313266
3.8251824
4.945874
4.988795
1.8189025
4.9313784
2.9762187
2.6664886
3.410058
3.0644212
4.1052613
3.6256795
3.0863097
0.67387307
4.5563374
4.912781
4.9999733
3.3037357
2.918589
1.4135795
3.4093838
3.204901
2.2072515
3.2042813
2.9096694
3.3114765
3.169887
3.7188518
4.9997234
1.7623401
3.8388858
3.5235748
3.5892274
1.6601655
3.229796
4.084725
4.8687563
2.6099834
3.2608547
2.876133
2.768958
3.2054875
4.3878393
4.751153
2.3345213
3.6882129
3.485669
1.5941675
3.108858
2.632069
4.9871526
5.0
2.6728935
2.5657103
3.8743103
3.6116014
3.8475225
3.6543536
2.303296
2.6053665
4.028186
3.1362267
2.182952
2.8739378
2.9911664
4.6325045
3.2185373
3.5015485
2.9895976
3.0664113
3.3830535
3.3367934
5.0
3.6187053
3.3308973
2.9556215
2.8239515
3.6925688
4.9999976
2.3354533
2.8866255
4.8194613
3.5856385
4.4037848
2.9035683
4.5927687
3.5064082
4.962819
4.2243185
4.980846
3.74468
3.0899587
3.4985518
3.337742
4.5453877
3.559855
3.1952834
1.5114634
1.5998793
3.7531755
2.4766145
4.3032947
3.865121
3.084786
3.3793626
3.4206154
3.566739
3.1616535
3.3945293
0.37500864
2.6727998
3.5186305
3.3999445
3.0345833
4.9870987
3.7543344
4.835926
3.2136858
3.190681
3.6545715
3.0025995
3.1899333
1.7208185
2.9732635
3.5192356
3.197079
3.8656614
4.990625
4.7852025
3.2002428
3.4408312
4.9999957
3.182139
3.5732756
2.5554295
3.2859375
2.8928492
2.960079
3.8868275
3.229953
2.977336
3.2801793
4.9999404
3.3170688
3.2365365
1.2553535
3.4070396
1.618592
3.626011
3.3634734
3.7712555
3.1493607
2.9205775
3.1724083
2.0337763
3.171661
4.5181065
3.1533809
3.041626
3.8940225
1.1768438
3.000115
2.6548314
4.9583583
3.2983112
0.89503145
3.0560684
2.428052
2.694528
2.7613559
3.4699461
2.7314305
2.3130426
3.2708225
3.4252276
2.6966233
2.8456073
3.3101473
4.9467173
3.0858386
1.7136185
3.3653293
3.6784685
3.78391
2.792456
2.5764413
2.8140469
3.5985348
3.4531374
3.218598
2.735023
3.1827912
2.5570984
1.8270873
1.9452605
2.7291374
3.1595616
2.4929512
3.082596
1.4845992
3.4667017
1.8562557
3.5323312
3.4215684
2.8874836
1.4512389
3.5334525
3.5444095
2.846018
4.4951277
3.8957164
3.956513
2.2059202
3.3464031
3.0580375
3.4101484
2.6661844
2.2768106
2.85959
4.189704
2.5040317
3.5344076
2.72155
4.0655665
2.544975
3.539011
2.858409
3.2090878
3.2748451
2.8668272
4.996088
2.7439234
3.1911871
2.531476
4.576488
3.4076934
2.5744164
2.3156724
4.998578
2.7551606
3.0879197
3.5567107
2.1318767
2.0293312
2.2344449
2.8023374
4.1370645
3.1891947
3.338865
3.246625
2.6058755
2.7311919
4.8179264
3.3051217
3.9442816
2.394041
3.381627
2.2243295
3.6952925
3.447413
2.6996741
2.9966185
3.286374
3.7806015
3.034565
3.4824178
2.86309
3.2953053
3.9850316
4.9846106
4.6141043
3.2317896
3.3782136
4.973779
3.825663
4.216378
3.1325338
2.198585
2.99389
4.7846646
3.182385
4.796483
3.3034227
4.86379
2.3736057
3.0150647
2.8788028
2.7195945
3.1313214
2.288985
2.940941
4.245766
2.7966073
2.6417804
2.6449704
2.0373983
2.840713
2.6278658
1.9709312
3.174214
2.4959433
4.406409
3.5323312
4.1378393
2.1882155
3.0295136
3.3507142
3.3932085
2.9688928
3.3958192
3.027851
2.981237
2.851528
2.9798083
3.127971
2.7083108
3.0786862
2.9113948
0.67677104
4.62249
4.145202
2.695147
2.8494003
3.8999038
2.9116175
4.9900494
3.3406124
2.8280475
3.0992913
3.706341
2.216143
4.206703
2.7824423
3.425205
2.583535
3.2485058
1.3360082
3.4151244
2.955437
4.999999
3.0876608
3.5283585
3.2541192
3.3319726
4.3579993
3.3411515
2.3283918
3.2122602
4.889588
3.8017237
3.2831373
3.1417086
2.648294
3.121708
4.672953
2.6098437
2.9363832
3.6629333
3.1625051
4.998619
3.345629
3.0296242
2.4565961
2.6618493
3.66187
4.6708245
3.1464772
2.8174756
4.0654297
4.948625
3.425664
3.4795437
2.737976
3.4999557
3.3347628
4.9088755
2.333305
2.933091
3.7008276
1.8952502
2.9833617
2.1019201
2.7283313
3.425149
2.8209493
3.1459525
1.8545747
2.8401842
3.0510988
0.8595182
2.319028
3.258206
2.4045708
3.0619774
2.817214
2.740525
3.5573092
2.3356907
3.3571181
2.385833
3.4108856
2.3784218
