2.5
3.6
5.0
4.2
1.5
1.8
3.5
2.2
2.2
1.714
1.714
5.0
0.6
4.4
2.0
1.8
4.4
3.6
3.6
1.2
2.4
0.2
4.2
4.4
2.25
2.0
0.75
2.2
0.8
2.2
3.2
4.8
1.4
4.25
3.4
0.533
0.4
1.2
5.0
0.538
3.75
3.0
3.6
0.5
1.5
0.8
0.8
0.6
4.4
1.75
0.4
1.4
0.4
0.8
2.0
0.133
4.0
0.267
3.4
1.2
5.0
0.0
3.8
0.75
3.4
0.0
0.2
4.0
0.5
3.8
2.4
4.75
0.0
3.75
2.6
0.0
0.75
0.0
3.8
2.8
0.0
0.8
3.0
1.0
0.0
1.0
3.4
5.0
2.333
1.4
0.75
3.538
0.8
3.5
2.0
4.75
4.0
4.5
1.5
2.4
0.0
0.4
2.5
2.6
3.6
3.0
0.0
1.6
1.25
3.6
2.0
3.6
2.8
4.4
0.0
0.0
3.75
2.5
0.0
0.8
1.0
0.0
0.25
0.4
0.0
5.0
0.3
2.75
5.0
4.25
3.4
1.6
2.6
5.0
3.2
4.8
5.0
2.4
2.0
5.0
5.0
3.4
4.5
4.2
2.2
2.4
3.8
2.5
2.0
0.75
2.0
2.2
4.0
3.2
3.8
3.75
0.5
0.8
5.0
1.2
5.0
2.8
1.2
3.2
4.6
4.0
3.8
3.4
4.6
2.6
1.8
0.75
4.0
2.75
3.8
2.6
2.0
3.8
0.583
0.4
0.25
2.8
3.2
0.5
2.25
0.0
0.0
0.308
0.75
0.4
4.2
3.75
1.6
3.0
4.0
3.0
3.75
0.4
0.0
3.0
0.4
0.4
0.25
0.25
0.4
0.4
3.2
0.0
2.2
0.8
0.8
0.3
0.0
0.75
2.333
1.333
1.2
4.2
3.8
3.0
0.5
0.0
0.333
1.5
0.167
0.5
1.25
1.6
0.0
1.0
0.0
0.0
4.0
2.75
3.333
3.5
0.188
0.0
0.25
0.364
3.2
0.0
0.0
0.0
1.75
0.0
2.75
1.8
0.0
0.0
2.8
4.4
4.0
2.6
1.2
3.2
0.8
3.4
2.0
0.0
4.6
4.0
3.8
4.0
2.8
3.6
1.8
3.6
1.2
5.0
4.0
0.0
3.4
4.4
4.2
5.0
0.2
0.2
4.0
2.6
0.6
1.2
3.8
4.2
2.8
4.2
2.4
3.6
3.8
0.6
4.8
1.2
2.4
4.2
0.0
0.2
3.4
3.0
3.2
3.0
4.4
1.8
2.0
4.8
4.0
2.2
4.2
3.4
4.2
3.4
2.4
1.0
1.6
3.2
3.4
4.0
3.0
3.8
0.0
0.0
2.6
2.6
3.8
2.6
2.8
0.0
2.6
4.6
3.8
3.4
5.0
4.6
3.0
2.2
3.8
2.2
3.6
4.0
0.4
0.0
3.8
5.0
4.8
2.4
2.8
1.4
3.6
0.0
4.2
0.4
3.8
4.0
1.2
4.0
3.0
0.0
2.4
3.4
0.8
4.2
4.4
4.0
1.8
2.8
5.0
0.0
0.2
4.0
3.8
4.4
3.2
4.6
0.0
1.0
0.8
4.0
1.6
0.0
3.4
1.0
4.0
3.0
3.0
0.75
3.4
2.8
4.8
1.4
2.4
1.8
4.8
1.4
0.4
1.33
2.4
0.4
0.6
4.8
2.8
2.0
2.6
0.0
2.4
4.0
4.0
4.0
0.0
3.2
1.4
3.6
4.4
5.0
1.8
4.8
0.6
1.4
0.2
4.2
4.6
4.0
4.6
1.8
4.6
0.2
2.6
3.8
0.0
5.0
3.6
4.6
2.0
5.0
0.0
3.4
0.0
2.0
2.0
4.6
3.0
4.6
2.0
2.6
0.4
2.6
4.2
0.0
2.2
4.0
0.0
2.0
3.0
2.6
0.0
0.0
4.8
3.0
2.2
4.4
0.8
3.4
0.0
0.6
0.0
2.4
3.4
4.0
2.0
4.0
4.8
0.6
2.4
4.4
2.4
4.8
3.4
2.8
0.8
2.2
3.8
0.4
4.6
3.0
4.6
0.8
4.0
1.2
3.2
3.6
3.4
5.0
4.0
4.0
2.8
3.8
2.6
2.0
0.8
5.0
1.0
5.0
2.4
2.0
2.2
3.4
0.8
4.6
2.8
2.0
2.6
0.2
1.4
1.6
3.2
0.2
2.4
0.2
1.4
1.8
1.6
3.8
1.0
1.2
4.0
2.0
2.6
3.8
2.6
0.2
3.0
1.8
0.6
0.6
0.2
0.6
0.2
1.0
3.4
1.4
2.0
2.8
3.2
0.8
1.8
2.2
4.2
5.0
1.2
2.8
4.4
4.4
3.6
1.2
1.4
3.4
0.8
2.8
3.2
1.6
5.0
3.6
3.6
0.4
1.8
1.2
1.2
2.2
5.0
2.6
0.0
2.8
3.2
1.6
0.2
3.8
4.0
2.8
5.0
3.4
2.8
1.4
1.2
3.2
3.0
2.2
2.0
3.8
1.6
4.8
1.2
2.4
1.8
2.6
3.8
1.2
0.2
3.8
2.4
0.4
3.4
4.2
2.4
0.8
4.4
3.0
2.0
3.0
2.2
1.8
2.8
2.8
5.0
2.2
1.2
1.6
2.8
1.8
2.6
0.2
2.4
4.2
2.2
1.6
0.8
5.0
1.2
3.0
3.0
0.0
0.0
2.0
0.0
5.0
3.0
2.0
0.0
2.0
5.0
1.0
4.0
4.0
1.0
1.0
1.0
4.0
1.0
5.0
4.0
4.0
4.0
4.0
3.0
4.0
0.0
0.0
1.0
4.0
5.0
2.0
4.0
0.0
2.0
1.0
0.0
2.0
5.0
1.0
3.0
2.0
5.0
2.0
1.0
5.0
0.0
5.0
5.0
0.0
2.0
4.0
0.0
2.0
3.0
0.0
3.0
1.0
3.0
2.0
4.0
0.0
4.0
4.0
2.0
2.0
5.0
2.0
2.0
0.0
2.0
0.0
2.0
4.0
4.0
1.0
4.0
4.0
2.0
2.0
2.0
0.0
3.0
1.0
5.0
1.0
0.0
2.0
2.0
0.0
3.0
3.0
3.0
5.0
5.0
4.0
1.0
0.0
5.0
0.0
4.0
5.0
3.0
3.0
3.0
2.0
1.0
0.0
2.0
0.0
2.0
5.0
3.0
3.0
5.0
3.0
2.0
1.0
1.0
5.0
1.0
2.0
4.0
0.0
2.0
1.0
3.0
1.0
1.0
5.0
5.0
5.0
0.0
4.0
4.0
0.0
0.0
2.0
4.0
5.0
3.0
3.0
4.0
1.0
0.0
2.0
2.0
5.0
4.0
5.0
1.0
0.0
2.0
0.0
2.0
1.0
5.0
5.0
3.0
0.0
0.0
2.0
5.0
1.0
3.0
3.0
2.0
1.0
1.0
2.0
2.0
4.0
0.0
1.0
1.0
2.0
2.0
0.0
1.0
5.0
2.0
2.0
5.0
2.0
5.0
0.0
4.0
4.0
4.0
0.0
2.0
2.0
5.0
2.0
3.0
4.0
1.0
5.0
2.0
1.0
2.0
1.0
4.0
5.0
1.0
4.0
2.0
4.0
2.0
4.0
5.0
0.0
0.0
5.0
4.0
1.0
4.0
4.0
5.0
5.0
4.0
1.0
0.0
3.0
4.0
3.0
5.0
5.0
5.0
1.0
0.0
4.0
1.0
4.0
3.0
5.0
5.0
0.0
1.0
0.0
0.0
0.0
0.0
4.0
5.0
1.0
1.0
4.0
1.0
5.0
3.0
5.0
5.0
1.4
3.6
3.5
3.2
4.0
2.0
3.6
4.2
4.0
3.25
3.4
3.667
3.75
1.2
3.8
3.4
3.2
3.6
3.0
1.6
3.2
3.8
4.2
3.0
4.0
4.75
3.533
1.25
4.0
3.0
2.6
3.5
1.5
2.0
3.5
3.0
4.75
3.4
3.4
4.25
3.8
3.0
3.0
4.6
3.0
4.25
1.8
2.8
1.25
3.75
3.75
3.75
3.5
4.6
3.25
1.333
2.5
3.25
3.0
3.6
2.2
4.8
4.0
3.4
3.2
2.5
3.25
3.8
4.4
3.5
1.5
2.8
3.6
4.2
3.0
3.0
1.6
4.0
1.333
3.6
3.0
3.0
3.5
4.0
2.2
3.4
3.5
4.25
2.6
3.0
2.4
3.8
3.0
3.5
3.5
3.75
2.25
3.25
4.8
3.8
3.4
2.0
4.6
3.5
3.333
2.667
3.2
3.8
3.4
3.4
3.6
3.8
1.8
3.2
3.0
1.8
2.75
1.6
2.75
3.25
2.25
3.0
3.182
3.75
2.6
1.25
2.5
4.2
2.6
1.4
3.6
3.0
3.5
5.0
3.0
3.8
3.8
4.222
2.5
5.0
4.0
3.6
4.2
3.4
2.6
3.6
4.0
3.5
1.5
3.5
1.75
3.75
4.8
3.4
2.6
4.4
3.6
3.6
4.0
4.5
5.0
3.4
3.75
3.176
3.6
3.2
3.5
1.9
3.0
3.6
3.75
3.6
3.75
3.333
2.6
1.8
3.6
4.4
3.0
4.0
3.25
3.0
2.6
2.6
4.6
2.75
2.2
3.333
2.769
2.8
4.0
4.733
1.6
3.75
0.5
3.25
2.4
3.2
3.75
3.25
2.4
4.5
4.0
3.8
0.8
3.0
3.5
2.0
2.8
2.0
3.0
3.5
5.0
3.25
3.4
3.4
3.75
2.75
3.2
2.6
1.6
2.5
3.4
4.0
4.25
4.0
3.4
2.8
1.6
3.8
2.667
1.2
4.8
3.0
4.0
4.0
2.75
2.25
3.2
4.75
2.8
1.4
0.75
3.667
3.4
3.4
3.857
3.0
3.5
3.25
1.4
0.75
3.4
4.8
0.4
1.8
2.4
1.6
3.2
0.4
4.0
0.8
1.4
1.8
2.2
3.2
1.2
1.25
4.2
2.6
3.6
0.4
0.0
5.0
4.4
4.8
3.6
3.8
0.2
3.8
2.2
4.0
2.6
0.6
4.4
4.0
0.8
2.0
1.4
3.0
0.6
2.0
4.6
1.4
4.5
0.8
0.0
4.4
1.0
3.4
0.6
1.0
2.8
1.6
2.4
0.8
4.4
4.8
3.4
3.8
4.5
2.2
4.0
1.0
2.6
1.0
1.4
4.0
4.2
3.8
3.8
2.4
0.4
2.2
4.4
3.6
2.2
5.0
4.2
1.8
1.4
2.2
3.8
4.2
2.0
5.0
3.8
1.2
2.2
1.4
2.4
3.0
3.2
3.8
3.0
2.0
2.8
4.0
4.6
4.0
2.2
3.4
3.4
3.4
4.2
3.8
2.6
2.2
0.4
1.8
1.0
1.6
1.6
2.6
2.6
0.0
4.4
3.4
0.6
0.0
4.4
3.6
3.0
3.8
2.2
0.0
4.6
1.6
4.6
4.2
3.8
3.0
1.0
3.6
0.8
2.2
4.2
4.2
3.4
1.3
1.2
3.6
3.2
1.0
3.0
3.8
1.6
1.2
3.4
0.4
4.8
0.0
0.4
2.8
3.6
2.0
4.0
3.8
1.8
0.2
2.0
5.0
0.0
3.6
3.6
3.4
0.2
4.4
0.6
0.4
4.6
2.6
2.8
3.2
2.0
1.8
0.4
1.4
1.2
2.6
2.4
4.2
5.0
0.4
1.6
3.2
4.4
4.8
5.0
2.67
0.0
5.0
3.0
4.8
2.4
5.0
4.8
5.0
3.2
1.2
5.0
4.6
2.0
1.8
3.0
3.8
4.0
4.8
4.8
2.8
2.6
4.4
4.6
2.2
0.4
0.4
1.4
4.8
4.4
5.0
2.0
5.0
5.0
5.0
5.0
4.0
3.0
3.0
5.0
4.0
2.0
1.0
4.0
0.0
2.0
5.0
3.0
2.0
2.0
0.0
0.0
1.0
1.0
1.0
2.0
0.0
1.0
1.0
0.0
